Anchors: [0.05, 1]
Runs: 5
No Classification

                0.1     0.3     0.4     0.6     0.7     0.75
Included
Med             0.060   0.137   0.203   0.469   0.619   0.689
Std             0.004   0.023   0.022   0.069   0.110   0.087
Cluster Std     0.011   0.072   0.125   0.297   0.366   0.407

Excluded
Med             0.059   0.118   0.179   0.456   0.518   0.702
Std             0.002   0.012   0.008   0.083   0.047   0.065
Cluster Std     0.009   0.058   0.105   0.310   0.379   0.471


Anchors: [0.05, 0.4, 1]
Runs: 5

                0.1     0.3     0.6     0.7     0.75
Included
Med             0.064   0.303   0.656   0.835   0.848
Std             0.004   0.049   0.117   0.139   0.029
Cluster Std     0.017   0.148   0.339   0.417   0.412

Excluded
Med             0.067   0.253   0.598   0.819   0.763
Std             0.003   0.013   0.057   0.085   0.105
Cluster Std     0.020   0.142   0.299   0.432   0.384


Target: 0.75
Runs: 5
Included

                0.9     0.45    0.3     0.225   0.1
Mean            0.927   0.709   0.750   0.753
Std             0.110   0.022   0.042   0.027
Cluster Std     0.536   0.329   0.260   0.266