Anchors: [0.05, 1.05]
Runs: 5
Encoder

               0.05   0.10   0.20   0.30   0.40   0.50   0.60   0.70   0.80   0.90   1.00   1.05
Excluded
Means          0.058  0.056  0.142  0.635  0.888  0.958  0.946  0.967  0.965  0.967  0.973  0.976
Stds           0.017  0.022  0.208  0.439  0.377  0.299  0.312  0.277  0.279  0.278  0.274  0.261
Medians        0.054  0.052  0.058  0.714  1.056  1.056  1.050  1.048  1.049  1.050  1.053  1.053
Median's Stds  0.001  0.001  0.007  0.383  0.038  0.019  0.012  0.007  0.007  0.008  0.008  0.009


Anchors: [0.05, 0.5, 1.05]
Runs: 5
Encoder

               0.05   0.10   0.20   0.30   0.40   0.50   0.60   0.70   0.80   0.90   1.00   1.05
Excluded
Means         0.062  0.063  0.097  0.262  0.409  0.480  0.541  0.654  0.768  0.886  0.902  0.953
Stds          0.024  0.033  0.065  0.127  0.130  0.136  0.170  0.198  0.227  0.227  0.271  0.231
Medians       0.054  0.053  0.073  0.268  0.439  0.501  0.574  0.695  0.820  0.958  1.017  1.044
Median's Std  0.003  0.003  0.007  0.038  0.015  0.004  0.017  0.019  0.046  0.065  0.058  0.052


Anchors: [0.05, 0.3, 0.7, 1.05]
Runs: 5
Encoder

               0.05   0.10   0.20   0.30   0.40   0.50   0.60   0.70   0.80   0.90   1.00   1.05
Excluded
Means         0.069  0.066  0.156  0.279  0.361  0.469  0.570  0.672  0.744  0.825  0.873  0.920
Stds          0.036  0.036  0.070  0.085  0.106  0.119  0.162  0.166  0.201  0.222  0.251  0.229
Medians       0.054  0.053  0.150  0.296  0.366  0.479  0.610  0.715  0.806  0.898  0.962  1.000
Median's Std  0.002  0.002  0.008  0.010  0.012  0.026  0.030  0.025  0.025  0.022  0.019  0.017


Anchors: [0.05, 1.05]
Runs: 5
Clustering

             0.05   0.10   0.20   0.30   0.40   0.50   0.60   0.70   0.80   0.90   1.00   1.05
Included
Means              0.053  0.086  0.149  0.191  0.260  0.375  0.496  0.729  0.913  0.963
STEs               0.000  0.000  0.001  0.002  0.003  0.005  0.007  0.011  0.014  0.017
Means STEs         0.002  0.003  0.007  0.013  0.015  0.033  0.025  0.018  0.027  0.022
Medians            0.053  0.087  0.180  0.235  0.330  0.524  0.721  1.153  1.442  1.739

Excluded
Means       0.048  0.053  0.101  0.188  0.289  0.406  0.542  0.731  0.774  0.860  1.084  1.068
STEs        0.000  0.000  0.001  0.003  0.005  0.007  0.010  0.013  0.014  0.017  0.021  0.020
Means STEs  0.000  0.004  0.008  0.012  0.013  0.012  0.019  0.024  0.024  0.029  0.044  0.043
Medians     0.046  0.053  0.106  0.236  0.435  0.636  0.944  1.227  1.415  1.698  2.015  1.985


Anchors: [0.05, 0.5, 1.05]
Runs: 5
Clustering

             0.05   0.10   0.20   0.30   0.40   0.50   0.60   0.70   0.80   0.90   1.00   1.05
Included
Means              0.034  0.064  0.142  0.281         0.620  0.791  0.958  1.126  0.961
STEs               0.000  0.000  0.001  0.003         0.009  0.012  0.014  0.015  0.014
Means STEs         0.001  0.005  0.013  0.029         0.037  0.021  0.033  0.035  0.012
Medians            0.038  0.068  0.149  0.375         0.946  1.236  1.474  1.573  1.448

Excluded
Means       0.044  0.034  0.060  0.140  0.279  0.509  0.599  0.804  0.948  0.925  0.971  1.059
STEs        0.000  0.000  0.001  0.001  0.004  0.006  0.009  0.012  0.013  0.015  0.015  0.016
Means STEs  0.002  0.002  0.004  0.008  0.011  0.014  0.016  0.022  0.026  0.026  0.033  0.037
Medians     0.049  0.041  0.064  0.155  0.382  0.728  0.986  1.278  1.404  1.528  1.604  1.652


Anchors: [0.05, 0.3, 0.7, 1.05]
Runs: 5
Clustering

             0.05   0.10   0.20   0.30   0.40   0.50   0.60   0.70   0.80   0.90   1.00   1.05
Excluded
Means       0.044  0.031  0.100  0.293  0.458  0.598  0.636  0.682  0.677  0.790  0.903  0.884
STEs        0.000  0.000  0.001  0.003  0.006  0.007  0.007  0.007  0.008  0.009  0.010  0.011
Means STEs  0.002  0.002  0.005  0.007  0.010  0.014  0.009  0.012  0.016  0.020  0.026  0.027
Medians     0.055  0.039  0.092  0.415  0.662  0.789  0.850  0.880  0.936  1.037  1.179  1.211
